8 Amuv 1611 6011111111. BAND 5. 11εο 9.

«163 611661 11113 11611616 kunna 6111636 11611 vara 1111 arten
6111111 11611 116 661161 116111111611 60111 1111 11616 61 61116 116161116161 ’
1115161161 11616166ηά6 T. brevicorne och T. 101131601116, 116 ’

116666 6611616 1110111 61116116 01111116161 11011616111 61ν1116 36110111
111111111111113 61 pollen.

Hos T. Hjeltii 610 bladon 61 131161 0611 176611611 31611,
116301 1 3111316111 (1163611116 1613, 011661 111611 11161 61161· 1111111116
1111131 1611 61161 161117101611 medelnerv 0611 611611. Det sedum-e
610 1106 61136101111611 6111611; 1106 10111161 11611 6111111616 0611
ton-are 11661161 61 61161161 1115761161 1116111 0611 111136111, hvari·
36110111 11161161 1616161161 611116166 06116116111.

De 1111131 116 varen 1111111116116 111611611 610 1115161161 61116
111611 6111616, 11161- 61161 11111161111116116, 16116 1111161. De 1161·ρὲ
1613611116, 61 hvilka. flora 61161 16116 0116 1116161116 vid blom-
111113611, 610 vid 11611 611 6111616 611 breda 1166611 31661 11111611116116,
111611 16 vid ellel· ofvan 1111111611 611116 1111 6Ρ616611 111. 6. 111.
1116116, triangulata flikar‚ 60111 610 16111 111616611116 6Π61 111. 6. 111.
ηρΡ61111116116 11101 111611616 611616. De darpa ffiljande, vid
1110111111113611 11011111161611116 111611611, 610 11161 111. 6. 111. 31011 111611
ej 66166166 djupt flikade med isynnerhet pa &fverkanten 1611·
dade flikar, 0611 61116136 11161 1 11161 0611 11161· 11616 111611 med
116301 0163611111111161 6110111116116, uppat 111616 11161111116116, 1161161
111616 1161161663116 0611 11116666 16111161. An kunna 116 16116 611
116 6611616 bladon 16111616116, 0611 1106 11161136 individet ut-
vecklas de 1161616 bladon 16161 61161 1110111111113611. Ε1161· desen
1161616 111611 116116 611611 6161 3101111116116 611 framkomma 0611
visa sig ibland 1616 11101111111136116 61111. Μο1 11661611 111116361-
bladens 11111131161, 1117611611116 61011611611 611161111130111 6116361, 66
611 6161113611 611 111611101111 1111116161, 60111 erimar om varbla·
116116. Ὲ61116116111161 mellan 116 011116 11161110111161116, hvilka 161·
611131 111611 316116 61176136 1 1117616111116, 17611161· 61161 individens
611161· 0611 61611110116116 1166116116111161.

861116166 11616111611611611 161 111636161611116 101111 61 161111611-
6611 1106 116 571116 0611 61611111136 61 116 11116 bladon 611 1657111161·-
1161 pa friska 6161111οη61 16 1111161116 111116116 11161 61161 uppfit,
iifvensom den egendomliga‚ korta, 1116113111616 1116ᾶ6Ρ616611
111611 61116 117611 6166116, 110116 611101111161 (Τ611. 1, 113. 2 0611 3),
611 6361161161) 60111 611611 11611 6116166 1106 611 1161 61116 11116 1116-

11611 (Τ611. 2, 113. 1). Ηο6 backformen 1161611101 610 361116
1111161116 1161161111116116.

